$ 1 0.000005 5.023272298708815 48 5 43 5e-11
v -160 128 128 128 4 5 40 24.49489742783178 0 0 0.6666670000000001
v 128 128 336 128 4 5 40 0 0 0 1
v 560 320 560 128 0 0 40 7.4 0 0 0.5
r 336 128 560 128 0 100
x 394 157 491 160 4 24 EPS\sloss
r 560 384 560 512 0 10
x 470 316 546 319 4 24 Battery
w -160 512 -160 192 0
w 96 512 -160 512 0
w 560 512 368 512 0
r 224 512 368 512 0 700
r 0 592 368 592 0 500
w -160 512 -160 592 0
w -160 592 0 592 0
w 368 592 560 592 0
w 560 592 560 512 0
r 80 672 320 672 0 450
x 159 626 211 629 4 24 OBC
x 145 546 231 549 4 24 Payload
w -160 592 -160 672 0
w -160 672 -112 672 0
w 320 672 560 672 0
w 560 672 560 592 0
159 -112 672 80 672 2 20 10000000000 2.5
R -16 720 176 720 4 5 40 5 0 0 0.25
x 200 707 262 710 4 24 TT\aC
w -160 192 -160 128 0
w 560 384 560 320 1
w -16 720 -16 688 0
159 96 512 224 512 10 20 10000000000 2.5
R 160 496 160 416 4 5 40 5 0 0 0.6666670000000001
a 816 240 1136 240 8 15 -15 1000000 17.075117066536194 0 100000
c 928 128 1008 128 4 0.001 0 0.001 0
w 1008 128 1072 128 0
w 1072 128 1072 240 0
w 928 128 896 128 0
w 896 128 896 224 0
r 720 224 816 224 0 1000
w 816 256 816 320 0
g 816 320 816 336 0 0
p 672 128 672 512 3 0 0 0
w 672 128 560 128 0
w 672 512 560 512 0
w 560 128 560 64 0
w 560 64 720 64 0
w 720 64 720 224 0
p 1040 272 1136 272 3 0 0 10000000
x 923 324 1040 327 4 24 SOC\sproxy
b 740 -7 1398 374 0
b 448 168 633 501 0
b 0 368 416 560 0
b -96 640 371 778 0
w 1040 272 1040 240 0
w 1136 272 1136 240 0
207 976 336 976 528 4 SOC\sproxy\svoltage\srises\sduring\ssun\speriod\s(charging)\sand\sfalls\sduring\seclipse\s(discharging))
x 23 183 238 186 4 24 Solar\spanel\s\p\sMPPT
o 2 64 0 4099 10 0.2 0 2 2 3 Cell
o 40 64 0 4098 10 0.1 1 1 Battery
o 46 1 0 4098 0.0000762939453125 0.1 2 1 SOC\sproxy
